225 450 25
225 475 25
450 300 25
450 325 25
450 350 25
450 375 25
475 300 25
475 325 25
475 350 25
475 375 25
500 300 25
500 325 25
500 350 25
500 375 25
525 300 25
525 325 25
525 350 25
525 375 25
550 300 25
550 325 25
550 350 25
550 375 25
575 300 25
575 325 25
575 350 25
575 375 25
600 300 25
600 325 25
600 350 25
600 375 25
625 300 25
625 325 25
625 350 25
625 375 25
650 300 25
650 325 25
650 350 25
650 375 25
400 200 25
400 225 25
400 250 25
400 275 25
425 200 25
425 225 25
425 250 25
425 275 25
350 450 25
350 475 25
350 500 25
375 450 25
375 475 25
375 500 25
400 450 25
400 475 25
400 500 25
425 450 25
425 475 25
425 500 25
450 450 25
450 475 25
450 500 25
475 450 25
475 475 25
475 500 25
500 450 25
500 475 25
500 500 25
525 450 25
525 475 25
525 500 25
575 275 25
575 300 25
575 325 25
575 350 25
575 375 25
575 400 25
575 425 25
600 275 25
600 300 25
600 325 25
600 350 25
600 375 25
600 400 25
600 425 25
625 275 25
625 300 25
625 325 25
625 350 25
625 375 25
625 400 25
625 425 25
650 275 25
650 300 25
650 325 25
650 350 25
650 375 25
650 400 25
650 425 25
675 275 25
675 300 25
675 325 25
675 350 25
675 375 25
675 400 25
675 425 25
700 275 25
700 300 25
700 325 25
700 350 25
700 375 25
700 400 25
700 425 25
275 50 25
275 75 25
275 100 25
275 125 25
275 150 25
275 175 25
275 200 25
275 225 25
300 50 25
300 75 25
300 100 25
300 125 25
300 150 25
300 175 25
300 200 25
300 225 25
325 50 25
325 75 25
325 100 25
325 125 25
325 150 25
325 175 25
325 200 25
325 225 25
350 50 25
350 75 25
350 100 25
350 125 25
350 150 25
350 175 25
350 200 25
350 225 25
375 50 25
375 75 25
375 100 25
375 125 25
375 150 25
375 175 25
375 200 25
375 225 25
400 50 25
400 75 25
400 100 25
400 125 25
400 150 25
400 175 25
400 200 25
400 225 25
425 50 25
425 75 25
425 100 25
425 125 25
425 150 25
425 175 25
425 200 25
425 225 25
675 425 25
675 450 25
675 475 25
675 500 25
700 425 25
700 450 25
700 475 25
700 500 25
50 250 25
50 275 25
50 300 25
50 325 25
50 350 25
50 375 25
50 400 25
50 425 25
75 250 25
75 275 25
75 300 25
75 325 25
75 350 25
75 375 25
75 400 25
75 425 25
100 250 25
100 275 25
100 300 25
100 325 25
100 350 25
100 375 25
100 400 25
100 425 25
125 250 25
125 275 25
125 300 25
125 325 25
125 350 25
125 375 25
125 400 25
125 425 25
150 250 25
150 275 25
150 300 25
150 325 25
150 350 25
150 375 25
150 400 25
150 425 25
175 250 25
175 275 25
175 300 25
175 325 25
175 350 25
175 375 25
175 400 25
175 425 25
200 250 25
200 275 25
200 300 25
200 325 25
200 350 25
200 375 25
200 400 25
200 425 25
225 250 25
225 275 25
225 300 25
225 325 25
225 350 25
225 375 25
225 400 25
225 425 25
525 150 25
525 175 25
525 200 25
525 225 25
550 150 25
550 175 25
550 200 25
550 225 25
575 150 25
575 175 25
575 200 25
575 225 25
600 150 25
600 175 25
600 200 25
600 225 25
625 150 25
625 175 25
625 200 25
625 225 25
650 150 25
650 175 25
650 200 25
650 225 25
675 150 25
675 175 25
675 200 25
675 225 25
700 150 25
700 175 25
700 200 25
700 225 25
50 325 25
75 325 25
100 325 25
125 325 25
150 325 25
