20 180 20
20 200 20
20 220 20
20 240 20
20 260 20
20 280 20
20 300 20
680 60 20
680 80 20
680 100 20
680 120 20
680 140 20
680 160 20
700 60 20
700 80 20
700 100 20
700 120 20
700 140 20
700 160 20
720 60 20
720 80 20
720 100 20
720 120 20
720 140 20
720 160 20
740 60 20
740 80 20
740 100 20
740 120 20
740 140 20
740 160 20
760 60 20
760 80 20
760 100 20
760 120 20
760 140 20
760 160 20
580 540 20
580 560 20
580 580 20
580 600 20
600 540 20
600 560 20
600 580 20
600 600 20
620 540 20
620 560 20
620 580 20
620 600 20
640 540 20
640 560 20
640 580 20
640 600 20
660 540 20
660 560 20
660 580 20
660 600 20
680 540 20
680 560 20
680 580 20
680 600 20
700 540 20
700 560 20
700 580 20
700 600 20
720 540 20
720 560 20
720 580 20
720 600 20
740 540 20
740 560 20
740 580 20
740 600 20
760 540 20
760 560 20
760 580 20
760 600 20
100 460 20
100 480 20
100 500 20
100 520 20
100 540 20
100 560 20
120 460 20
120 480 20
120 500 20
120 520 20
120 540 20
120 560 20
1040 160 20
1040 180 20
1040 200 20
1040 220 20
1040 240 20
1040 260 20
1040 280 20
1040 300 20
1060 160 20
1060 180 20
1060 200 20
1060 220 20
1060 240 20
1060 260 20
1060 280 20
1060 300 20
1080 160 20
1080 180 20
1080 200 20
1080 220 20
1080 240 20
1080 260 20
1080 280 20
1080 300 20
1040 320 20
1040 340 20
1040 360 20
1040 380 20
1040 400 20
1060 320 20
1060 340 20
1060 360 20
1060 380 20
1060 400 20
1080 320 20
1080 340 20
1080 360 20
1080 380 20
1080 400 20
1100 320 20
1100 340 20
1100 360 20
1100 380 20
1100 400 20
1120 320 20
1120 340 20
1120 360 20
1120 380 20
1120 400 20
1140 320 20
1140 340 20
1140 360 20
1140 380 20
1140 400 20
1160 320 20
1160 340 20
1160 360 20
1160 380 20
1160 400 20
1180 320 20
1180 340 20
1180 360 20
1180 380 20
1180 400 20
1200 320 20
1200 340 20
1200 360 20
1200 380 20
1200 400 20
1220 320 20
1220 340 20
1220 360 20
1220 380 20
1220 400 20
920 560 20
940 560 20
960 560 20
1080 300 20
1080 320 20
1080 340 20
1100 300 20
1100 320 20
1100 340 20
1120 300 20
1120 320 20
1120 340 20
1140 300 20
1140 320 20
1140 340 20
1160 300 20
1160 320 20
1160 340 20
1180 300 20
1180 320 20
1180 340 20
1200 300 20
1200 320 20
1200 340 20
1220 300 20
1220 320 20
1220 340 20
1240 300 20
1240 320 20
1240 340 20
480 60 20
480 80 20
480 100 20
480 120 20
480 140 20
480 160 20
480 180 20
480 200 20
500 60 20
500 80 20
500 100 20
500 120 20
500 140 20
500 160 20
500 180 20
500 200 20
520 60 20
520 80 20
520 100 20
520 120 20
520 140 20
520 160 20
520 180 20
520 200 20
540 60 20
540 80 20
540 100 20
540 120 20
540 140 20
540 160 20
540 180 20
540 200 20
560 60 20
560 80 20
560 100 20
560 120 20
560 140 20
560 160 20
560 180 20
560 200 20
580 60 20
580 80 20
580 100 20
580 120 20
580 140 20
580 160 20
580 180 20
580 200 20
600 60 20
600 80 20
600 100 20
600 120 20
600 140 20
600 160 20
600 180 20
600 200 20
620 60 20
620 80 20
620 100 20
620 120 20
620 140 20
620 160 20
620 180 20
620 200 20
780 220 20
780 240 20
780 260 20
780 280 20
780 300 20
780 320 20
780 340 20
780 360 20
800 220 20
800 240 20
800 260 20
800 280 20
800 300 20
800 320 20
800 340 20
800 360 20
