1950 1080 30
1950 1110 30
1950 1140 30
1950 1170 30
1950 1200 30
1980 1080 30
1980 1110 30
1980 1140 30
1980 1170 30
1980 1200 30
2010 1080 30
2010 1110 30
2010 1140 30
2010 1170 30
2010 1200 30
2040 1080 30
2040 1110 30
2040 1140 30
2040 1170 30
2040 1200 30
2070 1080 30
2070 1110 30
2070 1140 30
2070 1170 30
2070 1200 30
2100 1080 30
2100 1110 30
2100 1140 30
2100 1170 30
2100 1200 30
2130 1080 30
2130 1110 30
2130 1140 30
2130 1170 30
2130 1200 30
1920 2250 30
2430 750 30
2430 780 30
2430 810 30
2430 840 30
2430 870 30
2430 900 30
2430 930 30
2460 750 30
2460 780 30
2460 810 30
2460 840 30
2460 870 30
2460 900 30
2460 930 30
2490 750 30
2490 780 30
2490 810 30
2490 840 30
2490 870 30
2490 900 30
2490 930 30
2520 750 30
2520 780 30
2520 810 30
2520 840 30
2520 870 30
2520 900 30
2520 930 30
2550 750 30
2550 780 30
2550 810 30
2550 840 30
2550 870 30
2550 900 30
2550 930 30
2580 750 30
2580 780 30
2580 810 30
2580 840 30
2580 870 30
2580 900 30
2580 930 30
2610 750 30
2610 780 30
2610 810 30
2610 840 30
2610 870 30
2610 900 30
2610 930 30
2640 750 30
2640 780 30
2640 810 30
2640 840 30
2640 870 30
2640 900 30
2640 930 30
2670 750 30
2670 780 30
2670 810 30
2670 840 30
2670 870 30
2670 900 30
2670 930 30
2340 1560 30
2340 1590 30
2340 1620 30
2340 1650 30
2340 1680 30
2370 1560 30
2370 1590 30
2370 1620 30
2370 1650 30
2370 1680 30
2400 1560 30
2400 1590 30
2400 1620 30
2400 1650 30
2400 1680 30
2430 1560 30
2430 1590 30
2430 1620 30
2430 1650 30
2430 1680 30
2460 1560 30
2460 1590 30
2460 1620 30
2460 1650 30
2460 1680 30
2490 1560 30
2490 1590 30
2490 1620 30
2490 1650 30
2490 1680 30
2520 1560 30
2520 1590 30
2520 1620 30
2520 1650 30
2520 1680 30
2550 1560 30
2550 1590 30
2550 1620 30
2550 1650 30
2550 1680 30
600 0 30
600 30 30
600 60 30
600 90 30
630 0 30
630 30 30
630 60 30
630 90 30
660 0 30
660 30 30
660 60 30
660 90 30
690 0 30
690 30 30
690 60 30
690 90 30
2190 360 30
2190 390 30
2190 420 30
2190 450 30
2190 480 30
2190 510 30
2190 540 30
2190 570 30
2190 600 30
2190 630 30
2220 360 30
2220 390 30
2220 420 30
2220 450 30
2220 480 30
2220 510 30
2220 540 30
2220 570 30
2220 600 30
2220 630 30
2250 360 30
2250 390 30
2250 420 30
2250 450 30
2250 480 30
2250 510 30
2250 540 30
2250 570 30
2250 600 30
2250 630 30
2280 360 30
2280 390 30
2280 420 30
2280 450 30
2280 480 30
2280 510 30
2280 540 30
2280 570 30
2280 600 30
2280 630 30
2310 360 30
2310 390 30
2310 420 30
2310 450 30
2310 480 30
2310 510 30
2310 540 30
2310 570 30
2310 600 30
2310 630 30
2340 360 30
2340 390 30
2340 420 30
2340 450 30
2340 480 30
2340 510 30
2340 540 30
2340 570 30
2340 600 30
2340 630 30
2370 360 30
2370 390 30
2370 420 30
2370 450 30
2370 480 30
2370 510 30
2370 540 30
2370 570 30
2370 600 30
2370 630 30
2400 360 30
2400 390 30
2400 420 30
2400 450 30
2400 480 30
2400 510 30
2400 540 30
2400 570 30
2400 600 30
2400 630 30
2520 1170 30
2520 1200 30
2520 1230 30
2520 1260 30
2520 1290 30
2520 1320 30
2520 1350 30
2520 1380 30
2550 1170 30
2550 1200 30
2550 1230 30
2550 1260 30
2550 1290 30
2550 1320 30
2550 1350 30
2550 1380 30
2580 1170 30
2580 1200 30
2580 1230 30
2580 1260 30
2580 1290 30
2580 1320 30
2580 1350 30
2580 1380 30
2610 1170 30
2610 1200 30
2610 1230 30
2610 1260 30
2610 1290 30
2610 1320 30
2610 1350 30
2610 1380 30
480 1320 30
480 1350 30
480 1380 30
480 1410 30
480 1440 30
510 1320 30
510 1350 30
510 1380 30
510 1410 30
510 1440 30
540 1320 30
540 1350 30
540 1380 30
540 1410 30
540 1440 30
570 1320 30
570 1350 30
570 1380 30
570 1410 30
570 1440 30
600 1320 30
600 1350 30
600 1380 30
600 1410 30
600 1440 30
1950 2250 30
1980 2250 30
2010 2250 30
2040 2250 30
510 1050 30
510 1080 30
510 1110 30
510 1140 30
510 1170 30
510 1200 30
510 1230 30
510 1260 30
540 1050 30
540 1080 30
540 1110 30
540 1140 30
540 1170 30
540 1200 30
540 1230 30
540 1260 30
570 1050 30
570 1080 30
570 1110 30
570 1140 30
570 1170 30
570 1200 30
570 1230 30
570 1260 30
