1740 2010 30
1740 2040 30
3570 900 30
3570 930 30
3600 900 30
3600 930 30
5010 2490 30
5010 2520 30
5010 2550 30
5010 2580 30
5010 2610 30
5010 2640 30
5040 2490 30
5040 2520 30
5040 2550 30
5040 2580 30
5040 2610 30
5040 2640 30
5070 2490 30
5070 2520 30
5070 2550 30
5070 2580 30
5070 2610 30
5070 2640 30
3930 450 30
3930 480 30
3930 510 30
3930 540 30
1050 570 30
1050 600 30
1050 630 30
1050 660 30
1050 690 30
1050 720 30
1050 750 30
1050 780 30
1080 570 30
1080 600 30
1080 630 30
1080 660 30
1080 690 30
1080 720 30
1080 750 30
1080 780 30
1110 570 30
1110 600 30
1110 630 30
1110 660 30
1110 690 30
1110 720 30
1110 750 30
1110 780 30
1140 570 30
1140 600 30
1140 630 30
1140 660 30
1140 690 30
1140 720 30
1140 750 30
1140 780 30
1170 570 30
1170 600 30
1170 630 30
1170 660 30
1170 690 30
1170 720 30
1170 750 30
1170 780 30
4200 1350 30
4230 1350 30
4260 1350 30
4290 1350 30
4320 1350 30
4350 1350 30
4380 1350 30
4560 2130 30
4560 2160 30
4560 2190 30
4560 2220 30
4560 2250 30
4560 2280 30
4560 2310 30
4590 2130 30
4590 2160 30
4590 2190 30
4590 2220 30
4590 2250 30
4590 2280 30
4590 2310 30
4620 2130 30
4620 2160 30
4620 2190 30
4620 2220 30
4620 2250 30
4620 2280 30
4620 2310 30
4650 2130 30
4650 2160 30
4650 2190 30
4650 2220 30
4650 2250 30
4650 2280 30
4650 2310 30
4680 2130 30
4680 2160 30
4680 2190 30
4680 2220 30
4680 2250 30
4680 2280 30
4680 2310 30
4710 2130 30
4710 2160 30
4710 2190 30
4710 2220 30
4710 2250 30
4710 2280 30
4710 2310 30
4740 2130 30
4740 2160 30
4740 2190 30
4740 2220 30
4740 2250 30
4740 2280 30
4740 2310 30
1680 1860 30
1680 1890 30
1680 1920 30
1680 1950 30
1680 1980 30
1710 1860 30
1710 1890 30
1710 1920 30
1710 1950 30
1710 1980 30
1740 1860 30
1740 1890 30
1740 1920 30
1740 1950 30
1740 1980 30
1770 1860 30
1770 1890 30
1770 1920 30
1770 1950 30
1770 1980 30
1800 1860 30
1800 1890 30
1800 1920 30
1800 1950 30
1800 1980 30
1830 1860 30
1830 1890 30
1830 1920 30
1830 1950 30
1830 1980 30
1860 1860 30
1860 1890 30
1860 1920 30
1860 1950 30
1860 1980 30
1890 1860 30
1890 1890 30
1890 1920 30
1890 1950 30
1890 1980 30
1920 1860 30
1920 1890 30
1920 1920 30
1920 1950 30
1920 1980 30
1860 750 30
1890 750 30
1920 750 30
1950 750 30
1980 750 30
30 2070 30
30 2100 30
30 2130 30
30 2160 30
30 2190 30
60 2070 30
60 2100 30
60 2130 30
60 2160 30
60 2190 30
90 2070 30
90 2100 30
90 2130 30
90 2160 30
90 2190 30
120 2070 30
120 2100 30
120 2130 30
120 2160 30
120 2190 30
150 2070 30
150 2100 30
150 2130 30
150 2160 30
150 2190 30
