450 210 30
450 240 30
450 270 30
450 300 30
480 210 30
480 240 30
480 270 30
480 300 30
510 210 30
510 240 30
510 270 30
510 300 30
540 210 30
540 240 30
540 270 30
540 300 30
570 210 30
570 240 30
570 270 30
570 300 30
30 270 30
60 270 30
90 270 30
120 270 30
210 90 30
210 120 30
210 150 30
210 180 30
210 210 30
210 240 30
210 270 30
240 90 30
240 120 30
240 150 30
240 180 30
240 210 30
240 240 30
240 270 30
270 90 30
270 120 30
270 150 30
270 180 30
270 210 30
270 240 30
270 270 30
300 90 30
300 120 30
300 150 30
300 180 30
300 210 30
300 240 30
300 270 30
330 90 30
330 120 30
330 150 30
330 180 30
330 210 30
330 240 30
330 270 30
360 90 30
360 120 30
360 150 30
360 180 30
360 210 30
360 240 30
360 270 30
390 90 30
390 120 30
390 150 30
390 180 30
390 210 30
390 240 30
390 270 30
270 30 30
270 60 30
270 90 30
270 120 30
270 150 30
270 180 30
270 210 30
270 240 30
300 30 30
300 60 30
300 90 30
300 120 30
300 150 30
300 180 30
300 210 30
300 240 30
330 30 30
330 60 30
330 90 30
330 120 30
330 150 30
330 180 30
330 210 30
330 240 30
360 30 30
360 60 30
360 90 30
360 120 30
360 150 30
360 180 30
360 210 30
360 240 30
210 30 30
210 60 30
210 90 30
210 120 30
210 150 30
240 30 30
240 60 30
240 90 30
240 120 30
240 150 30
180 180 30
180 210 30
180 240 30
210 180 30
210 210 30
210 240 30
240 180 30
240 210 30
240 240 30
270 180 30
270 210 30
270 240 30
300 180 30
300 210 30
300 240 30
330 180 30
330 210 30
330 240 30
360 180 30
360 210 30
360 240 30
390 180 30
390 210 30
390 240 30
60 240 30
60 270 30
90 240 30
90 270 30
120 240 30
120 270 30
150 240 30
150 270 30
180 240 30
180 270 30
210 240 30
210 270 30
240 240 30
240 270 30
60 240 30
60 270 30
90 240 30
90 270 30
120 240 30
120 270 30
150 240 30
150 270 30
180 240 30
180 270 30
210 240 30
210 270 30
240 240 30
240 270 30
270 240 30
270 270 30
300 240 30
300 270 30
330 240 30
330 270 30
570 300 30
600 300 30
0 120 30
0 150 30
0 180 30
0 210 30
0 240 30
0 270 30
0 300 30
30 120 30
30 150 30
30 180 30
30 210 30
30 240 30
30 270 30
30 300 30
60 120 30
60 150 30
60 180 30
60 210 30
60 240 30
60 270 30
60 300 30
90 120 30
90 150 30
90 180 30
90 210 30
90 240 30
90 270 30
90 300 30
