1720 720 20
1720 740 20
1720 760 20
1720 780 20
1720 800 20
1720 820 20
1720 840 20
1720 860 20
1720 880 20
1740 720 20
1740 740 20
1740 760 20
1740 780 20
1740 800 20
1740 820 20
1740 840 20
1740 860 20
1740 880 20
1760 720 20
1760 740 20
1760 760 20
1760 780 20
1760 800 20
1760 820 20
1760 840 20
1760 860 20
1760 880 20
1780 720 20
1780 740 20
1780 760 20
1780 780 20
1780 800 20
1780 820 20
1780 840 20
1780 860 20
1780 880 20
1800 720 20
1800 740 20
1800 760 20
1800 780 20
1800 800 20
1800 820 20
1800 840 20
1800 860 20
1800 880 20
1820 720 20
1820 740 20
1820 760 20
1820 780 20
1820 800 20
1820 820 20
1820 840 20
1820 860 20
1820 880 20
1840 720 20
1840 740 20
1840 760 20
1840 780 20
1840 800 20
1840 820 20
1840 840 20
1840 860 20
1840 880 20
1860 720 20
1860 740 20
1860 760 20
1860 780 20
1860 800 20
1860 820 20
1860 840 20
1860 860 20
1860 880 20
1880 720 20
1880 740 20
1880 760 20
1880 780 20
1880 800 20
1880 820 20
1880 840 20
1880 860 20
1880 880 20
1660 900 20
1660 920 20
1660 940 20
1680 900 20
1680 920 20
1680 940 20
1700 900 20
1700 920 20
1700 940 20
1720 900 20
1720 920 20
1720 940 20
1740 900 20
1740 920 20
1740 940 20
1760 900 20
1760 920 20
1760 940 20
1780 900 20
1780 920 20
1780 940 20
1640 520 20
1640 540 20
1640 560 20
1640 580 20
1640 600 20
1580 160 20
1580 180 20
1580 200 20
1580 220 20
1600 160 20
1600 180 20
1600 200 20
1600 220 20
1620 160 20
1620 180 20
1620 200 20
1620 220 20
1640 160 20
1640 180 20
1640 200 20
1640 220 20
1660 160 20
1660 180 20
1660 200 20
1660 220 20
1340 820 20
1340 840 20
1360 820 20
1360 840 20
1380 820 20
1380 840 20
1400 820 20
1400 840 20
1420 820 20
1420 840 20
1440 820 20
1440 840 20
880 820 20
880 840 20
880 860 20
880 880 20
900 820 20
900 840 20
900 860 20
900 880 20
920 820 20
920 840 20
920 860 20
920 880 20
940 820 20
940 840 20
940 860 20
940 880 20
980 920 20
980 940 20
980 960 20
980 980 20
980 1000 20
980 1020 20
1000 920 20
1000 940 20
1000 960 20
1000 980 20
1000 1000 20
1000 1020 20
1020 920 20
1020 940 20
1020 960 20
1020 980 20
1020 1000 20
1020 1020 20
1040 920 20
1040 940 20
1040 960 20
1040 980 20
1040 1000 20
1040 1020 20
1060 920 20
1060 940 20
1060 960 20
1060 980 20
1060 1000 20
1060 1020 20
1080 920 20
1080 940 20
1080 960 20
1080 980 20
1080 1000 20
1080 1020 20
1100 920 20
1100 940 20
1100 960 20
1100 980 20
1100 1000 20
1100 1020 20
20 980 20
20 1000 20
20 1020 20
20 1040 20
40 980 20
40 1000 20
40 1020 20
40 1040 20
60 980 20
60 1000 20
60 1020 20
60 1040 20
80 980 20
80 1000 20
80 1020 20
80 1040 20
100 980 20
100 1000 20
100 1020 20
100 1040 20
120 980 20
120 1000 20
120 1020 20
120 1040 20
140 980 20
140 1000 20
140 1020 20
140 1040 20
1600 720 20
1600 740 20
1600 760 20
1600 780 20
1600 800 20
1600 820 20
1620 720 20
1620 740 20
1620 760 20
1620 780 20
1620 800 20
1620 820 20
1640 720 20
1640 740 20
1640 760 20
1640 780 20
1640 800 20
1640 820 20
1660 720 20
1660 740 20
1660 760 20
1660 780 20
1660 800 20
1660 820 20
1680 720 20
1680 740 20
1680 760 20
1680 780 20
1680 800 20
1680 820 20
1700 720 20
1700 740 20
1700 760 20
1700 780 20
1700 800 20
1700 820 20
1720 720 20
1720 740 20
1720 760 20
1720 780 20
1720 800 20
1720 820 20
1740 720 20
1740 740 20
1740 760 20
1740 780 20
1740 800 20
1740 820 20
1760 720 20
1760 740 20
1760 760 20
1760 780 20
1760 800 20
1760 820 20
1780 720 20
1780 740 20
1780 760 20
1780 780 20
1780 800 20
1780 820 20
1200 980 20
1200 1000 20
1200 1020 20
1200 1040 20
1220 980 20
1220 1000 20
1220 1020 20
1220 1040 20
1240 980 20
1240 1000 20
1240 1020 20
1240 1040 20
1260 980 20
1260 1000 20
1260 1020 20
1260 1040 20
1280 980 20
1280 1000 20
1280 1020 20
1280 1040 20
1300 980 20
1300 1000 20
1300 1020 20
1300 1040 20
1320 980 20
1320 1000 20
1320 1020 20
1320 1040 20
1340 980 20
1340 1000 20
1340 1020 20
1340 1040 20
1360 980 20
1360 1000 20
1360 1020 20
1360 1040 20
