720 0 30
720 30 30
720 60 30
720 90 30
720 120 30
750 0 30
750 30 30
750 60 30
750 90 30
750 120 30
780 0 30
780 30 30
780 60 30
780 90 30
780 120 30
810 0 30
810 30 30
810 60 30
810 90 30
810 120 30
720 150 30
720 180 30
750 150 30
750 180 30
780 150 30
780 180 30
810 150 30
810 180 30
300 270 30
300 300 30
300 330 30
300 360 30
300 390 30
300 420 30
270 330 30
270 360 30
270 390 30
270 420 30
300 330 30
300 360 30
300 390 30
300 420 30
330 330 30
330 360 30
330 390 30
330 420 30
360 330 30
360 360 30
360 390 30
360 420 30
390 330 30
390 360 30
390 390 30
390 420 30
420 330 30
420 360 30
420 390 30
420 420 30
450 330 30
450 360 30
450 390 30
450 420 30
480 330 30
480 360 30
480 390 30
480 420 30
510 330 30
510 360 30
510 390 30
510 420 30
540 330 30
540 360 30
540 390 30
540 420 30
210 420 30
240 420 30
270 420 30
300 420 30
330 420 30
360 420 30
390 420 30
420 420 30
450 420 30
240 210 30
240 240 30
240 270 30
240 300 30
240 330 30
240 360 30
240 390 30
240 420 30
450 330 30
450 360 30
450 390 30
450 420 30
480 330 30
480 360 30
480 390 30
480 420 30
180 180 30
180 210 30
180 240 30
180 270 30
180 300 30
210 180 30
210 210 30
210 240 30
210 270 30
210 300 30
240 180 30
240 210 30
240 240 30
240 270 30
240 300 30
270 180 30
270 210 30
270 240 30
270 270 30
270 300 30
300 180 30
300 210 30
300 240 30
300 270 30
300 300 30
330 180 30
330 210 30
330 240 30
330 270 30
330 300 30
360 180 30
360 210 30
360 240 30
360 270 30
360 300 30
390 180 30
390 210 30
390 240 30
390 270 30
390 300 30
420 180 30
420 210 30
420 240 30
420 270 30
420 300 30
450 180 30
450 210 30
450 240 30
450 270 30
450 300 30
690 120 30
690 150 30
690 180 30
690 210 30
690 240 30
690 270 30
690 300 30
690 330 30
690 360 30
720 120 30
720 150 30
720 180 30
720 210 30
720 240 30
720 270 30
720 300 30
720 330 30
720 360 30
750 120 30
750 150 30
750 180 30
750 210 30
750 240 30
750 270 30
750 300 30
750 330 30
750 360 30
780 120 30
780 150 30
780 180 30
780 210 30
780 240 30
780 270 30
780 300 30
780 330 30
780 360 30
810 120 30
810 150 30
810 180 30
810 210 30
810 240 30
810 270 30
810 300 30
810 330 30
810 360 30
450 30 30
450 60 30
450 90 30
450 120 30
480 30 30
480 60 30
480 90 30
480 120 30
510 30 30
510 60 30
510 90 30
510 120 30
540 30 30
540 60 30
540 90 30
540 120 30
570 30 30
570 60 30
570 90 30
570 120 30
600 30 30
600 60 30
600 90 30
600 120 30
630 30 30
630 60 30
630 90 30
630 120 30
660 30 30
660 60 30
660 90 30
660 120 30
