330 570 30
330 600 30
330 630 30
330 660 30
330 690 30
330 720 30
330 750 30
330 780 30
330 810 30
360 570 30
360 600 30
360 630 30
360 660 30
360 690 30
360 720 30
360 750 30
360 780 30
360 810 30
390 570 30
390 600 30
390 630 30
390 660 30
390 690 30
390 720 30
390 750 30
390 780 30
390 810 30
420 570 30
420 600 30
420 630 30
420 660 30
420 690 30
420 720 30
420 750 30
420 780 30
420 810 30
450 570 30
450 600 30
450 630 30
450 660 30
450 690 30
450 720 30
450 750 30
450 780 30
450 810 30
480 570 30
480 600 30
480 630 30
480 660 30
480 690 30
480 720 30
480 750 30
480 780 30
480 810 30
510 570 30
510 600 30
510 630 30
510 660 30
510 690 30
510 720 30
510 750 30
510 780 30
510 810 30
540 570 30
540 600 30
540 630 30
540 660 30
540 690 30
540 720 30
540 750 30
540 780 30
540 810 30
570 570 30
570 600 30
570 630 30
570 660 30
570 690 30
570 720 30
570 750 30
570 780 30
570 810 30
