1380 180 30
1380 210 30
1020 660 30
1020 690 30
1020 720 30
1020 750 30
1020 780 30
1020 810 30
1020 840 30
1020 870 30
1050 660 30
1050 690 30
1050 720 30
1050 750 30
1050 780 30
1050 810 30
1050 840 30
1050 870 30
1080 660 30
1080 690 30
1080 720 30
1080 750 30
1080 780 30
1080 810 30
1080 840 30
1080 870 30
1470 960 30
1470 990 30
1470 1020 30
1500 960 30
1500 990 30
1500 1020 30
1530 960 30
1530 990 30
1530 1020 30
420 60 30
450 60 30
480 60 30
510 60 30
540 60 30
570 60 30
600 60 30
630 60 30
660 60 30
2070 180 30
2100 180 30
2130 180 30
2160 180 30
1530 840 30
1530 870 30
1530 900 30
1560 840 30
1560 870 30
1560 900 30
1590 840 30
1590 870 30
1590 900 30
1620 840 30
1620 870 30
1620 900 30
1650 840 30
1650 870 30
1650 900 30
480 930 30
480 960 30
480 990 30
480 1020 30
510 930 30
510 960 30
510 990 30
510 1020 30
540 930 30
540 960 30
540 990 30
540 1020 30
570 930 30
570 960 30
570 990 30
570 1020 30
330 1230 30
330 1260 30
330 1290 30
330 1320 30
330 1350 30
330 1380 30
330 1410 30
330 1440 30
330 1470 30
360 1230 30
360 1260 30
360 1290 30
360 1320 30
360 1350 30
360 1380 30
360 1410 30
360 1440 30
360 1470 30
1710 720 30
1710 750 30
1710 780 30
1710 810 30
1710 840 30
1710 870 30
1710 900 30
1710 930 30
1740 720 30
1740 750 30
1740 780 30
1740 810 30
1740 840 30
1740 870 30
1740 900 30
1740 930 30
1770 720 30
1770 750 30
1770 780 30
1770 810 30
1770 840 30
1770 870 30
1770 900 30
1770 930 30
1800 720 30
1800 750 30
1800 780 30
1800 810 30
1800 840 30
1800 870 30
1800 900 30
1800 930 30
1830 720 30
1830 750 30
1830 780 30
1830 810 30
1830 840 30
1830 870 30
1830 900 30
1830 930 30
1860 720 30
1860 750 30
1860 780 30
1860 810 30
1860 840 30
1860 870 30
1860 900 30
1860 930 30
450 150 30
450 180 30
450 210 30
480 150 30
480 180 30
480 210 30
510 150 30
510 180 30
510 210 30
540 150 30
540 180 30
540 210 30
570 150 30
570 180 30
570 210 30
600 150 30
600 180 30
600 210 30
630 150 30
630 180 30
630 210 30
660 150 30
660 180 30
660 210 30
