2820 510 30
2820 540 30
2820 570 30
2820 600 30
2820 630 30
2820 660 30
2820 690 30
2820 720 30
2820 750 30
2820 780 30
3420 1290 30
3420 1320 30
3420 1350 30
3450 1290 30
3450 1320 30
3450 1350 30
3480 1290 30
3480 1320 30
3480 1350 30
3510 1290 30
3510 1320 30
3510 1350 30
3540 1290 30
3540 1320 30
3540 1350 30
3570 1290 30
3570 1320 30
3570 1350 30
3600 1290 30
3600 1320 30
3600 1350 30
570 1440 30
570 1470 30
570 1500 30
600 1440 30
600 1470 30
600 1500 30
900 60 30
900 90 30
900 120 30
900 150 30
900 180 30
900 210 30
900 240 30
900 270 30
930 60 30
930 90 30
930 120 30
930 150 30
930 180 30
930 210 30
930 240 30
930 270 30
960 60 30
960 90 30
960 120 30
960 150 30
960 180 30
960 210 30
960 240 30
960 270 30
990 60 30
990 90 30
990 120 30
990 150 30
990 180 30
990 210 30
990 240 30
990 270 30
1020 60 30
1020 90 30
1020 120 30
1020 150 30
1020 180 30
1020 210 30
1020 240 30
1020 270 30
1050 60 30
1050 90 30
1050 120 30
1050 150 30
1050 180 30
1050 210 30
1050 240 30
1050 270 30
1080 60 30
1080 90 30
1080 120 30
1080 150 30
1080 180 30
1080 210 30
1080 240 30
1080 270 30
1110 60 30
1110 90 30
1110 120 30
1110 150 30
1110 180 30
1110 210 30
1110 240 30
1110 270 30
1140 60 30
1140 90 30
1140 120 30
1140 150 30
1140 180 30
1140 210 30
1140 240 30
1140 270 30
2550 1980 30
2550 2010 30
2550 2040 30
2580 1980 30
2580 2010 30
2580 2040 30
2610 1980 30
2610 2010 30
2610 2040 30
3120 750 30
3120 780 30
3120 810 30
3120 840 30
3150 750 30
3150 780 30
3150 810 30
3150 840 30
3180 750 30
3180 780 30
3180 810 30
3180 840 30
3210 750 30
3210 780 30
3210 810 30
3210 840 30
3240 750 30
3240 780 30
3240 810 30
3240 840 30
3270 750 30
3270 780 30
3270 810 30
3270 840 30
3300 750 30
3300 780 30
3300 810 30
3300 840 30
3330 750 30
3330 780 30
3330 810 30
3330 840 30
2220 1050 30
2220 1080 30
2220 1110 30
2220 1140 30
2220 1170 30
2220 1200 30
1620 1710 30
1620 1740 30
1620 1770 30
1620 1800 30
1650 1710 30
1650 1740 30
1650 1770 30
1650 1800 30
1680 1710 30
1680 1740 30
1680 1770 30
1680 1800 30
1710 1710 30
1710 1740 30
1710 1770 30
1710 1800 30
1740 1710 30
1740 1740 30
1740 1770 30
1740 1800 30
1770 1710 30
1770 1740 30
1770 1770 30
1770 1800 30
1800 1710 30
1800 1740 30
1800 1770 30
1800 1800 30
2310 1950 30
2340 1950 30
2370 1950 30
2400 1950 30
2430 1950 30
2460 1950 30
2490 1950 30
2520 1950 30
240 210 30
240 240 30
240 270 30
240 300 30
240 330 30
270 210 30
270 240 30
270 270 30
270 300 30
270 330 30
300 210 30
300 240 30
300 270 30
300 300 30
300 330 30
330 210 30
330 240 30
330 270 30
330 300 30
330 330 30
360 210 30
360 240 30
360 270 30
360 300 30
360 330 30
390 210 30
390 240 30
390 270 30
390 300 30
390 330 30
420 210 30
420 240 30
420 270 30
420 300 30
420 330 30
