1020 150 30
1020 180 30
1020 210 30
1020 240 30
1050 150 30
1050 180 30
1050 210 30
1050 240 30
1080 150 30
1080 180 30
1080 210 30
1080 240 30
1110 150 30
1110 180 30
1110 210 30
1110 240 30
1140 150 30
1140 180 30
1140 210 30
1140 240 30
1170 150 30
1170 180 30
1170 210 30
1170 240 30
1200 150 30
1200 180 30
1200 210 30
1200 240 30
1230 150 30
1230 180 30
1230 210 30
1230 240 30
0 1080 30
30 1080 30
60 1080 30
90 1080 30
120 1080 30
150 1080 30
180 1080 30
210 1080 30
810 450 30
810 480 30
810 510 30
810 540 30
840 450 30
840 480 30
840 510 30
840 540 30
870 450 30
870 480 30
870 510 30
870 540 30
900 450 30
900 480 30
900 510 30
900 540 30
930 450 30
930 480 30
930 510 30
930 540 30
960 450 30
960 480 30
960 510 30
960 540 30
2310 1320 30
2340 1320 30
2370 1320 30
2400 1320 30
1800 210 30
1800 240 30
1800 270 30
1800 300 30
1800 330 30
1800 360 30
1800 390 30
1830 210 30
1830 240 30
1830 270 30
1830 300 30
1830 330 30
1830 360 30
1830 390 30
1860 210 30
1860 240 30
1860 270 30
1860 300 30
1860 330 30
1860 360 30
1860 390 30
2310 1260 30
2310 1290 30
2310 1320 30
2310 1350 30
2310 1380 30
2340 1260 30
2340 1290 30
2340 1320 30
2340 1350 30
2340 1380 30
2370 1260 30
2370 1290 30
2370 1320 30
2370 1350 30
2370 1380 30
2400 1260 30
2400 1290 30
2400 1320 30
2400 1350 30
2400 1380 30
2430 1260 30
2430 1290 30
2430 1320 30
2430 1350 30
2430 1380 30
2460 1260 30
2460 1290 30
2460 1320 30
2460 1350 30
2460 1380 30
1590 1110 30
1620 1110 30
1650 1110 30
2100 1200 30
2100 1230 30
2100 1260 30
2100 1290 30
2100 1320 30
2100 1350 30
2100 1380 30
2130 1200 30
2130 1230 30
2130 1260 30
2130 1290 30
2130 1320 30
2130 1350 30
2130 1380 30
2160 1200 30
2160 1230 30
2160 1260 30
2160 1290 30
2160 1320 30
2160 1350 30
2160 1380 30
2190 1200 30
2190 1230 30
2190 1260 30
2190 1290 30
2190 1320 30
2190 1350 30
2190 1380 30
2220 1200 30
2220 1230 30
2220 1260 30
2220 1290 30
2220 1320 30
2220 1350 30
2220 1380 30
2250 1200 30
2250 1230 30
2250 1260 30
2250 1290 30
2250 1320 30
2250 1350 30
2250 1380 30
2280 1200 30
2280 1230 30
2280 1260 30
2280 1290 30
2280 1320 30
2280 1350 30
2280 1380 30
2310 1200 30
2310 1230 30
2310 1260 30
2310 1290 30
2310 1320 30
2310 1350 30
2310 1380 30
150 900 30
150 930 30
150 960 30
180 900 30
180 930 30
180 960 30
210 900 30
210 930 30
210 960 30
240 900 30
240 930 30
240 960 30
270 900 30
270 930 30
270 960 30
300 900 30
300 930 30
300 960 30
330 900 30
330 930 30
330 960 30
90 630 30
90 660 30
90 690 30
120 630 30
120 660 30
120 690 30
150 630 30
150 660 30
150 690 30
180 630 30
180 660 30
180 690 30
210 630 30
210 660 30
210 690 30
240 630 30
240 660 30
240 690 30
270 630 30
270 660 30
270 690 30
