1050 30 30
1050 60 30
1050 90 30
1050 120 30
1050 150 30
1050 180 30
1050 210 30
1050 240 30
1050 270 30
1410 420 30
1410 450 30
1410 480 30
1410 510 30
1410 540 30
1410 570 30
1410 600 30
1440 420 30
1440 450 30
1440 480 30
1440 510 30
1440 540 30
1440 570 30
1440 600 30
1470 420 30
1470 450 30
1470 480 30
1470 510 30
1470 540 30
1470 570 30
1470 600 30
1500 420 30
1500 450 30
1500 480 30
1500 510 30
1500 540 30
1500 570 30
1500 600 30
1530 420 30
1530 450 30
1530 480 30
1530 510 30
1530 540 30
1530 570 30
1530 600 30
1560 420 30
1560 450 30
1560 480 30
1560 510 30
1560 540 30
1560 570 30
1560 600 30
1590 420 30
1590 450 30
1590 480 30
1590 510 30
1590 540 30
1590 570 30
1590 600 30
1620 420 30
1620 450 30
1620 480 30
1620 510 30
1620 540 30
1620 570 30
1620 600 30
1650 420 30
1650 450 30
1650 480 30
1650 510 30
1650 540 30
1650 570 30
1650 600 30
780 330 30
780 360 30
780 390 30
780 420 30
780 450 30
780 480 30
810 330 30
810 360 30
810 390 30
810 420 30
810 450 30
810 480 30
1380 990 30
1380 1020 30
1410 990 30
1410 1020 30
30 360 30
60 360 30
90 360 30
120 360 30
150 360 30
180 360 30
210 360 30
240 360 30
270 360 30
300 360 30
1200 660 30
1200 690 30
1200 720 30
1200 750 30
1200 780 30
1200 810 30
1230 660 30
1230 690 30
1230 720 30
1230 750 30
1230 780 30
1230 810 30
1260 660 30
1260 690 30
1260 720 30
1260 750 30
1260 780 30
1260 810 30
1290 660 30
1290 690 30
1290 720 30
1290 750 30
1290 780 30
1290 810 30
1320 660 30
1320 690 30
1320 720 30
1320 750 30
1320 780 30
1320 810 30
1350 660 30
1350 690 30
1350 720 30
1350 750 30
1350 780 30
1350 810 30
1380 660 30
1380 690 30
1380 720 30
1380 750 30
1380 780 30
1380 810 30
1410 660 30
1410 690 30
1410 720 30
1410 750 30
1410 780 30
1410 810 30
750 270 30
750 300 30
750 330 30
780 270 30
780 300 30
780 330 30
810 270 30
810 300 30
810 330 30
840 270 30
840 300 30
840 330 30
870 270 30
870 300 30
870 330 30
900 270 30
900 300 30
900 330 30
930 270 30
930 300 30
930 330 30
960 270 30
960 300 30
960 330 30
1110 960 30
1110 990 30
1110 1020 30
1140 960 30
1140 990 30
1140 1020 30
1170 960 30
1170 990 30
1170 1020 30
1200 960 30
1200 990 30
1200 1020 30
1230 960 30
1230 990 30
1230 1020 30
1260 960 30
1260 990 30
1260 1020 30
1290 960 30
1290 990 30
1290 1020 30
1320 960 30
1320 990 30
1320 1020 30
1350 960 30
1350 990 30
1350 1020 30
1380 960 30
1380 990 30
1380 1020 30
150 270 30
150 300 30
150 330 30
180 270 30
180 300 30
180 330 30
210 270 30
210 300 30
210 330 30
240 270 30
240 300 30
240 330 30
270 270 30
270 300 30
270 330 30
300 270 30
300 300 30
300 330 30
330 270 30
330 300 30
330 330 30
360 270 30
360 300 30
360 330 30
390 270 30
390 300 30
390 330 30
1260 780 30
1260 810 30
1260 840 30
1260 870 30
1260 900 30
1260 930 30
1260 960 30
1260 990 30
1260 1020 30
1290 780 30
1290 810 30
1290 840 30
1290 870 30
1290 900 30
1290 930 30
1290 960 30
1290 990 30
1290 1020 30
1320 780 30
1320 810 30
1320 840 30
1320 870 30
1320 900 30
1320 930 30
1320 960 30
1320 990 30
1320 1020 30
