1560 720 30
1560 750 30
1560 780 30
1560 810 30
1560 840 30
1560 540 30
1560 570 30
1560 600 30
1560 630 30
1560 660 30
240 30 30
240 60 30
270 30 30
270 60 30
300 30 30
300 60 30
330 30 30
330 60 30
360 30 30
360 60 30
1170 630 30
1170 660 30
1200 630 30
1200 660 30
1230 630 30
1230 660 30
1260 630 30
1260 660 30
1290 630 30
1290 660 30
1320 630 30
1320 660 30
1350 630 30
1350 660 30
1380 630 30
1380 660 30
1410 630 30
1410 660 30
720 420 30
720 450 30
720 480 30
720 510 30
720 540 30
720 570 30
720 600 30
720 630 30
720 660 30
720 690 30
750 420 30
750 450 30
750 480 30
750 510 30
750 540 30
750 570 30
750 600 30
750 630 30
750 660 30
750 690 30
780 270 30
780 300 30
780 330 30
780 360 30
780 390 30
780 420 30
780 450 30
810 270 30
810 300 30
810 330 30
810 360 30
810 390 30
810 420 30
810 450 30
840 270 30
840 300 30
840 330 30
840 360 30
840 390 30
840 420 30
840 450 30
870 270 30
870 300 30
870 330 30
870 360 30
870 390 30
870 420 30
870 450 30
900 270 30
900 300 30
900 330 30
900 360 30
900 390 30
900 420 30
900 450 30
930 270 30
930 300 30
930 330 30
930 360 30
930 390 30
930 420 30
930 450 30
960 270 30
960 300 30
960 330 30
960 360 30
960 390 30
960 420 30
960 450 30
990 270 30
990 300 30
990 330 30
990 360 30
990 390 30
990 420 30
990 450 30
1020 270 30
1020 300 30
1020 330 30
1020 360 30
1020 390 30
1020 420 30
1020 450 30
1470 780 30
1470 810 30
1470 840 30
1500 780 30
1500 810 30
1500 840 30
1530 780 30
1530 810 30
1530 840 30
1560 780 30
1560 810 30
1560 840 30
750 720 30
750 750 30
750 780 30
750 810 30
780 720 30
780 750 30
780 780 30
780 810 30
810 720 30
810 750 30
810 780 30
810 810 30
840 720 30
840 750 30
840 780 30
840 810 30
870 720 30
870 750 30
870 780 30
870 810 30
900 720 30
900 750 30
900 780 30
900 810 30
690 60 30
690 90 30
690 120 30
690 150 30
690 180 30
690 210 30
690 240 30
690 270 30
690 300 30
690 330 30
720 60 30
720 90 30
720 120 30
720 150 30
720 180 30
720 210 30
720 240 30
720 270 30
720 300 30
720 330 30
750 60 30
750 90 30
750 120 30
750 150 30
750 180 30
750 210 30
750 240 30
750 270 30
750 300 30
750 330 30
780 60 30
780 90 30
780 120 30
780 150 30
780 180 30
780 210 30
780 240 30
780 270 30
780 300 30
780 330 30
990 360 30
990 390 30
990 420 30
990 450 30
990 480 30
990 510 30
990 540 30
990 570 30
990 600 30
990 630 30
