1050 450 30
1050 480 30
1050 510 30
1050 540 30
1050 570 30
1050 600 30
1050 630 30
1050 660 30
1080 450 30
1080 480 30
1080 510 30
1080 540 30
1080 570 30
1080 600 30
1080 630 30
1080 660 30
1110 450 30
1110 480 30
1110 510 30
1110 540 30
1110 570 30
1110 600 30
1110 630 30
1110 660 30
1140 450 30
1140 480 30
1140 510 30
1140 540 30
1140 570 30
1140 600 30
1140 630 30
1140 660 30
1170 450 30
1170 480 30
1170 510 30
1170 540 30
1170 570 30
1170 600 30
1170 630 30
1170 660 30
630 270 30
630 300 30
630 330 30
630 360 30
660 270 30
660 300 30
660 330 30
660 360 30
690 270 30
690 300 30
690 330 30
690 360 30
720 270 30
720 300 30
720 330 30
720 360 30
750 270 30
750 300 30
750 330 30
750 360 30
780 270 30
780 300 30
780 330 30
780 360 30
810 270 30
810 300 30
810 330 30
810 360 30
840 270 30
840 300 30
840 330 30
840 360 30
1110 450 30
1110 480 30
1110 510 30
1110 540 30
1110 570 30
1110 600 30
1110 630 30
1110 660 30
1140 450 30
1140 480 30
1140 510 30
1140 540 30
1140 570 30
1140 600 30
1140 630 30
1140 660 30
1170 450 30
1170 480 30
1170 510 30
1170 540 30
1170 570 30
1170 600 30
1170 630 30
1170 660 30
1200 450 30
1200 480 30
1200 510 30
1200 540 30
1200 570 30
1200 600 30
1200 630 30
1200 660 30
1230 450 30
1230 480 30
1230 510 30
1230 540 30
1230 570 30
1230 600 30
1230 630 30
1230 660 30
570 510 30
570 540 30
570 570 30
570 600 30
570 630 30
600 510 30
600 540 30
600 570 30
600 600 30
600 630 30
630 510 30
630 540 30
630 570 30
630 600 30
630 630 30
660 510 30
660 540 30
660 570 30
660 600 30
660 630 30
690 510 30
690 540 30
690 570 30
690 600 30
690 630 30
720 510 30
720 540 30
720 570 30
720 600 30
720 630 30
660 240 30
690 240 30
720 240 30
750 240 30
780 240 30
810 240 30
840 240 30
870 240 30
900 240 30
930 240 30
870 420 30
870 450 30
900 420 30
900 450 30
930 420 30
930 450 30
960 420 30
960 450 30
990 420 30
990 450 30
1020 420 30
1020 450 30
1050 420 30
1050 450 30
1080 420 30
1080 450 30
1110 420 30
1110 450 30
720 30 30
720 60 30
720 90 30
750 30 30
750 60 30
750 90 30
780 30 30
780 60 30
780 90 30
810 30 30
810 60 30
810 90 30
840 30 30
840 60 30
840 90 30
870 30 30
870 60 30
870 90 30
900 30 30
900 60 30
900 90 30
930 30 30
930 60 30
930 90 30
960 30 30
960 60 30
960 90 30
660 0 30
660 30 30
660 60 30
660 90 30
660 120 30
660 150 30
660 180 30
390 540 30
390 570 30
390 600 30
390 630 30
390 660 30
420 540 30
420 570 30
420 600 30
420 630 30
420 660 30
450 540 30
450 570 30
450 600 30
450 630 30
450 660 30
480 540 30
480 570 30
480 600 30
480 630 30
480 660 30
510 540 30
510 570 30
510 600 30
510 630 30
510 660 30
540 540 30
540 570 30
540 600 30
540 630 30
540 660 30
570 540 30
570 570 30
570 600 30
570 630 30
570 660 30
600 540 30
600 570 30
600 600 30
600 630 30
600 660 30
630 540 30
630 570 30
630 600 30
630 630 30
630 660 30
900 450 30
900 480 30
900 510 30
930 450 30
930 480 30
930 510 30
960 450 30
960 480 30
960 510 30
990 450 30
990 480 30
990 510 30
