6030 1710 30
6030 1740 30
6030 1770 30
6030 1800 30
6030 1830 30
6030 1860 30
6030 1890 30
6060 1710 30
6060 1740 30
6060 1770 30
6060 1800 30
6060 1830 30
6060 1860 30
6060 1890 30
330 1530 30
330 1560 30
360 1530 30
360 1560 30
390 1530 30
390 1560 30
420 1530 30
420 1560 30
450 1530 30
450 1560 30
480 1530 30
480 1560 30
510 1530 30
510 1560 30
540 1530 30
540 1560 30
570 1530 30
570 1560 30
1770 480 30
1770 510 30
1800 480 30
1800 510 30
1830 480 30
1830 510 30
1860 480 30
1860 510 30
6570 3450 30
6600 3450 30
6630 3450 30
6660 3450 30
6690 3450 30
6720 3450 30
6750 3450 30
6780 3450 30
6810 3450 30
6840 3450 30
6150 3270 30
6150 3300 30
6150 3330 30
6150 3360 30
6150 3390 30
6150 3420 30
6150 3450 30
6150 3480 30
6150 3510 30
6180 3270 30
6180 3300 30
6180 3330 30
6180 3360 30
6180 3390 30
6180 3420 30
6180 3450 30
6180 3480 30
6180 3510 30
6210 3270 30
6210 3300 30
6210 3330 30
6210 3360 30
6210 3390 30
6210 3420 30
6210 3450 30
6210 3480 30
6210 3510 30
6240 3270 30
6240 3300 30
6240 3330 30
6240 3360 30
6240 3390 30
6240 3420 30
6240 3450 30
6240 3480 30
6240 3510 30
6270 3270 30
6270 3300 30
6270 3330 30
6270 3360 30
6270 3390 30
6270 3420 30
6270 3450 30
6270 3480 30
6270 3510 30
6300 3270 30
6300 3300 30
6300 3330 30
6300 3360 30
6300 3390 30
6300 3420 30
6300 3450 30
6300 3480 30
6300 3510 30
6330 3270 30
6330 3300 30
6330 3330 30
6330 3360 30
6330 3390 30
6330 3420 30
6330 3450 30
6330 3480 30
6330 3510 30
7590 3030 30
7590 3060 30
7590 3090 30
7590 3120 30
7620 3030 30
7620 3060 30
7620 3090 30
7620 3120 30
5730 120 30
5760 120 30
7440 2400 30
7470 2400 30
7500 2400 30
7530 2400 30
7560 2400 30
7590 2400 30
7620 2400 30
720 1560 30
720 1590 30
720 1620 30
720 1650 30
720 1680 30
720 1710 30
720 1740 30
6300 300 30
6300 330 30
6300 360 30
6300 390 30
6300 420 30
6330 300 30
6330 330 30
6330 360 30
6330 390 30
6330 420 30
6360 300 30
6360 330 30
6360 360 30
6360 390 30
6360 420 30
6390 300 30
6390 330 30
6390 360 30
6390 390 30
6390 420 30
6420 300 30
6420 330 30
6420 360 30
6420 390 30
6420 420 30
6450 300 30
6450 330 30
6450 360 30
6450 390 30
6450 420 30
6480 300 30
6480 330 30
6480 360 30
6480 390 30
6480 420 30
6510 300 30
6510 330 30
6510 360 30
6510 390 30
6510 420 30
6540 300 30
6540 330 30
6540 360 30
6540 390 30
6540 420 30
6570 300 30
6570 330 30
6570 360 30
6570 390 30
6570 420 30
