120 90 30
150 90 30
180 90 30
210 90 30
60 30 30
60 60 30
60 90 30
90 30 30
90 60 30
90 90 30
120 30 30
120 60 30
120 90 30
150 30 30
150 60 30
150 90 30
180 30 30
180 60 30
180 90 30
210 30 30
210 60 30
210 90 30
210 90 30
0 0 30
0 30 30
0 60 30
0 90 30
30 0 30
30 30 30
30 60 30
30 90 30
60 0 30
60 30 30
60 60 30
60 90 30
90 0 30
90 30 30
90 60 30
90 90 30
120 0 30
120 30 30
120 60 30
120 90 30
150 0 30
150 30 30
150 60 30
150 90 30
180 0 30
180 30 30
180 60 30
180 90 30
90 60 30
90 90 30
120 60 30
120 90 30
150 60 30
150 90 30
180 60 30
180 90 30
210 60 30
210 90 30
210 0 30
210 30 30
210 60 30
210 90 30
30 90 30
60 90 30
90 0 30
90 30 30
90 60 30
90 90 30
180 0 30
180 30 30
180 60 30
180 90 30
210 0 30
210 30 30
210 60 30
210 90 30
90 30 30
90 60 30
90 90 30
120 30 30
120 60 30
120 90 30
