390 60 30
150 30 30
150 60 30
150 90 30
150 120 30
150 150 30
150 180 30
180 30 30
180 60 30
180 90 30
180 120 30
180 150 30
180 180 30
210 30 30
210 60 30
210 90 30
210 120 30
210 150 30
210 180 30
210 150 30
210 180 30
240 150 30
240 180 30
270 150 30
270 180 30
300 150 30
300 180 30
330 150 30
330 180 30
120 180 30
150 180 30
180 180 30
210 180 30
240 180 30
270 180 30
300 180 30
330 180 30
120 60 30
120 90 30
120 120 30
120 150 30
120 180 30
150 60 30
150 90 30
150 120 30
150 150 30
150 180 30
180 60 30
180 90 30
180 120 30
180 150 30
180 180 30
210 60 30
210 90 30
210 120 30
210 150 30
210 180 30
330 90 30
330 120 30
330 150 30
330 180 30
360 90 30
360 120 30
360 150 30
360 180 30
390 90 30
390 120 30
390 150 30
390 180 30
270 0 30
270 30 30
270 60 30
270 90 30
270 120 30
300 0 30
300 30 30
300 60 30
300 90 30
300 120 30
330 0 30
330 30 30
330 60 30
330 90 30
330 120 30
360 0 30
360 30 30
360 60 30
360 90 30
360 120 30
210 90 30
210 120 30
210 150 30
210 180 30
240 90 30
240 120 30
240 150 30
240 180 30
270 90 30
270 120 30
270 150 30
270 180 30
300 90 30
300 120 30
300 150 30
300 180 30
330 90 30
330 120 30
330 150 30
330 180 30
360 90 30
360 120 30
360 150 30
360 180 30
390 90 30
390 120 30
390 150 30
390 180 30
120 150 30
120 180 30
150 150 30
150 180 30
180 150 30
180 180 30
210 150 30
210 180 30
150 60 30
150 90 30
150 120 30
150 150 30
180 60 30
180 90 30
180 120 30
180 150 30
210 60 30
210 90 30
210 120 30
210 150 30
240 60 30
240 90 30
240 120 30
240 150 30
270 60 30
270 90 30
270 120 30
270 150 30
300 60 30
300 90 30
300 120 30
300 150 30
330 60 30
330 90 30
330 120 30
330 150 30
360 60 30
360 90 30
360 120 30
360 150 30
