990 150 30
990 180 30
990 210 30
1020 150 30
1020 180 30
1020 210 30
1050 150 30
1050 180 30
1050 210 30
1080 150 30
1080 180 30
1080 210 30
1110 150 30
1110 180 30
1110 210 30
1140 150 30
1140 180 30
1140 210 30
1170 150 30
1170 180 30
1170 210 30
600 60 30
600 90 30
600 120 30
630 60 30
630 90 30
630 120 30
660 60 30
660 90 30
660 120 30
690 60 30
690 90 30
690 120 30
720 60 30
720 90 30
720 120 30
750 60 30
750 90 30
750 120 30
780 60 30
780 90 30
780 120 30
810 60 30
810 90 30
810 120 30
840 60 30
840 90 30
840 120 30
870 60 30
870 90 30
870 120 30
1230 630 30
1230 660 30
1230 690 30
1230 720 30
1260 630 30
1260 660 30
1260 690 30
1260 720 30
1290 630 30
1290 660 30
1290 690 30
1290 720 30
1320 630 30
1320 660 30
1320 690 30
1320 720 30
1230 510 30
1230 540 30
1230 570 30
1230 600 30
1230 630 30
1230 660 30
1230 690 30
1230 720 30
1260 510 30
1260 540 30
1260 570 30
1260 600 30
1260 630 30
1260 660 30
1260 690 30
1260 720 30
1290 510 30
1290 540 30
1290 570 30
1290 600 30
1290 630 30
1290 660 30
1290 690 30
1290 720 30
1020 510 30
1020 540 30
1020 570 30
1020 600 30
1020 630 30
1020 660 30
1020 690 30
1020 720 30
1050 510 30
1050 540 30
1050 570 30
1050 600 30
1050 630 30
1050 660 30
1050 690 30
1050 720 30
1080 510 30
1080 540 30
1080 570 30
1080 600 30
1080 630 30
1080 660 30
1080 690 30
1080 720 30
1110 510 30
1110 540 30
1110 570 30
1110 600 30
1110 630 30
1110 660 30
1110 690 30
1110 720 30
1140 510 30
1140 540 30
1140 570 30
1140 600 30
1140 630 30
1140 660 30
1140 690 30
1140 720 30
30 360 30
30 390 30
30 420 30
30 450 30
30 480 30
30 510 30
60 360 30
60 390 30
60 420 30
60 450 30
60 480 30
60 510 30
90 360 30
90 390 30
90 420 30
90 450 30
90 480 30
90 510 30
120 360 30
120 390 30
120 420 30
120 450 30
120 480 30
120 510 30
150 360 30
150 390 30
150 420 30
150 450 30
150 480 30
150 510 30
180 360 30
180 390 30
180 420 30
180 450 30
180 480 30
180 510 30
210 360 30
210 390 30
210 420 30
210 450 30
210 480 30
210 510 30
240 360 30
240 390 30
240 420 30
240 450 30
240 480 30
240 510 30
540 510 30
540 540 30
540 570 30
540 600 30
540 630 30
540 660 30
540 690 30
540 720 30
570 510 30
570 540 30
570 570 30
570 600 30
570 630 30
570 660 30
570 690 30
570 720 30
600 510 30
600 540 30
600 570 30
600 600 30
600 630 30
600 660 30
600 690 30
600 720 30
630 510 30
630 540 30
630 570 30
630 600 30
630 630 30
630 660 30
630 690 30
630 720 30
660 510 30
660 540 30
660 570 30
660 600 30
660 630 30
660 660 30
660 690 30
660 720 30
690 510 30
690 540 30
690 570 30
690 600 30
690 630 30
690 660 30
690 690 30
690 720 30
720 510 30
720 540 30
720 570 30
720 600 30
720 630 30
720 660 30
720 690 30
720 720 30
750 510 30
750 540 30
750 570 30
750 600 30
750 630 30
750 660 30
750 690 30
750 720 30
780 510 30
780 540 30
780 570 30
780 600 30
780 630 30
780 660 30
780 690 30
780 720 30
600 120 30
600 150 30
600 180 30
600 210 30
600 240 30
600 270 30
600 300 30
630 120 30
630 150 30
630 180 30
630 210 30
630 240 30
630 270 30
630 300 30
660 120 30
660 150 30
660 180 30
660 210 30
660 240 30
660 270 30
660 300 30
690 120 30
690 150 30
690 180 30
690 210 30
690 240 30
690 270 30
690 300 30
720 120 30
720 150 30
720 180 30
720 210 30
720 240 30
720 270 30
720 300 30
750 120 30
750 150 30
750 180 30
750 210 30
750 240 30
750 270 30
750 300 30
780 120 30
780 150 30
780 180 30
780 210 30
780 240 30
780 270 30
780 300 30
60 480 30
60 510 30
60 540 30
60 570 30
60 600 30
420 90 30
420 120 30
420 150 30
420 180 30
420 210 30
420 240 30
420 270 30
450 90 30
450 120 30
450 150 30
450 180 30
450 210 30
450 240 30
450 270 30
480 90 30
480 120 30
480 150 30
480 180 30
480 210 30
480 240 30
480 270 30
510 90 30
510 120 30
510 150 30
510 180 30
510 210 30
510 240 30
510 270 30
540 90 30
540 120 30
540 150 30
540 180 30
540 210 30
540 240 30
540 270 30
570 90 30
570 120 30
570 150 30
570 180 30
570 210 30
570 240 30
570 270 30
600 90 30
600 120 30
600 150 30
600 180 30
600 210 30
600 240 30
600 270 30
630 90 30
630 120 30
630 150 30
630 180 30
630 210 30
630 240 30
630 270 30
660 90 30
660 120 30
660 150 30
660 180 30
660 210 30
660 240 30
660 270 30
